0000   03 30 00 a7 00 00 00 07 5f 69 64 00 67 8d 78 86
0010   9b bc 3c 39 3b cb 0d 14 02 74 69 74 6c 65 00 0f
0020   00 00 00 47 79 6d 20 6d 65 6d 62 65 72 73 68 69
0030   70 00 01 61 6d 6f 75 6e 74 00 8f c2 f5 28 5c f7
0040   66 40 02 63 75 72 72 65 6e 63 79 00 04 00 00 00
0050   45 55 52 00 02 64 61 74 65 00 1b 00 00 00 32 30
0060   32 34 2d 30 38 2d 31 38 54 30 35 3a 30 30 3a 34
0070   35 2e 32 30 33 34 32 35 00 02 63 61 74 65 67 6f
0080   72 79 00 0b 00 00 00 48 65 61 6c 74 68 63 61 72
0090   65 00 02 70 61 79 6d 65 6e 74 4d 65 74 68 6f 64
00a0   00 04 00 00 00 55 50 49 00 00 03 31 00 a8 00 00
00b0   00 07 5f 69 64 00 67 8d 78 86 9b bc 3c 39 3b cb
00c0   0d 17 02 74 69 74 6c 65 00 0a 00 00 00 47 72 6f
00d0   63 65 72 69 65 73 00 01 61 6d 6f 75 6e 74 00 85
00e0   eb 51 b8 1e 9d 72 40 02 63 75 72 72 65 6e 63 79
00f0   00 04 00 00 00 43 41 44 00 02 64 61 74 65 00 1b
0100   00 00 00 32 30 32 35 2d 30 31 2d 31 38 54 30 30
0110   3a 32 33 3a 33 35 2e 32 30 33 34 32 35 00 02 63
0120   61 74 65 67 6f 72 79 00 09 00 00 00 53 68 6f 70
0130   70 69 6e 67 00 02 70 61 79 6d 65 6e 74 4d 65 74
0140   68 6f 64 00 0c 00 00 00 4e 65 74 20 42 61 6e 6b
0150   69 6e 67 00 00 03 32 00 a6 00 00 00 07 5f 69 64
0160   00 67 8d 78 86 9b bc 3c 39 3b cb 0d 18 02 74 69
0170   74 6c 65 00 0a 00 00 00 54 61 78 69 20 72 69 64
0180   65 00 01 61 6d 6f 75 6e 74 00 c3 f5 28 5c 8f 02
0190   6b 40 02 63 75 72 72 65 6e 63 79 00 04 00 00 00
01a0   4a 50 59 00 02 64 61 74 65 00 1b 00 00 00 32 30
01b0   32 34 2d 31 31 2d 32 33 54 31 38 3a 35 33 3a 30
01c0   37 2e 32 30 33 34 32 35 00 02 63 61 74 65 67 6f
01d0   72 79 00 07 00 00 00 54 72 61 76 65 6c 00 02 70
01e0   61 79 6d 65 6e 74 4d 65 74 68 6f 64 00 0c 00 00
01f0   00 43 72 65 64 69 74 20 43 61 72 64 00 00 03 33
0200   00 af 00 00 00 07 5f 69 64 00 67 8d 78 86 9b bc
0210   3c 39 3b cb 0d 19 02 74 69 74 6c 65 00 0c 00 00
0220   00 4d 6f 76 69 65 20 6e 69 67 68 74 00 01 61 6d
0230   6f 75 6e 74 00 d7 a3 70 3d 0a af 73 40 02 63 75
0240   72 72 65 6e 63 79 00 04 00 00 00 43 41 44 00 02
0250   64 61 74 65 00 1b 00 00 00 32 30 32 34 2d 31 30
0260   2d 31 33 54 32 30 3a 35 32 3a 32 39 2e 32 30 33
0270   34 32 35 00 02 63 61 74 65 67 6f 72 79 00 0e 00
0280   00 00 45 6e 74 65 72 74 61 69 6e 6d 65 6e 74 00
0290   02 70 61 79 6d 65 6e 74 4d 65 74 68 6f 64 00 0c
02a0   00 00 00 43 72 65 64 69 74 20 43 61 72 64 00 00
02b0   03 34 00 b2 00 00 00 07 5f 69 64 00 67 8d 78 86
02c0   9b bc 3c 39 3b cb 0d 1b 02 74 69 74 6c 65 00 13
02d0   00 00 00 44 6f 63 74 6f 72 20 61 70 70 6f 69 6e
02e0   74 6d 65 6e 74 00 01 61 6d 6f 75 6e 74 00 85 eb
02f0   51 b8 1e 9d 64 40 02 63 75 72 72 65 6e 63 79 00
0300   04 00 00 00 55 53 44 00 02 64 61 74 65 00 1b 00
0310   00 00 32 30 32 34 2d 31 32 2d 32 35 54 32 32 3a
0320   35 38 3a 33 32 2e 32 30 33 34 32 35 00 02 63 61
0330   74 65 67 6f 72 79 00 0b 00 00 00 48 65 61 6c 74
0340   68 63 61 72 65 00 02 70 61 79 6d 65 6e 74 4d 65
0350   74 68 6f 64 00 0b 00 00 00 44 65 62 69 74 20 43
0360   61 72 64 00 00 03 35 00 9e 00 00 00 07 5f 69 64
0370   00 67 8d 78 86 9b bc 3c 39 3b cb 0d 1c 02 74 69
0380   74 6c 65 00 06 00 00 00 42 6f 6f 6b 73 00 01 61
0390   6d 6f 75 6e 74 00 33 33 33 33 33 7f 7a 40 02 63
03a0   75 72 72 65 6e 63 79 00 04 00 00 00 41 55 44 00
03b0   02 64 61 74 65 00 1b 00 00 00 32 30 32 34 2d 30
03c0   38 2d 32 36 54 30 32 3a 32 39 3a 33 39 2e 32 30
03d0   33 34 32 35 00 02 63 61 74 65 67 6f 72 79 00 0a
03e0   00 00 00 45 64 75 63 61 74 69 6f 6e 00 02 70 61
03f0   79 6d 65 6e 74 4d 65 74 68 6f 64 00 05 00 00 00
0400   43 61 73 68 00 00 03 36 00 ac 00 00 00 07 5f 69
0410   64 00 67 8d 78 86 9b bc 3c 39 3b cb 0d 1d 02 74
0420   69 74 6c 65 00 0e 00 00 00 4f 6e 6c 69 6e 65 20
0430   63 6f 75 72 73 65 00 01 61 6d 6f 75 6e 74 00 9a
0440   99 99 99 99 8d 7a 40 02 63 75 72 72 65 6e 63 79
0450   00 04 00 00 00 55 53 44 00 02 64 61 74 65 00 1b
0460   00 00 00 32 30 32 34 2d 30 38 2d 32 36 54 30 39
0470   3a 34 37 3a 35 37 2e 32 30 33 34 32 35 00 02 63
0480   61 74 65 67 6f 72 79 00 0a 00 00 00 45 64 75 63
0490   61 74 69 6f 6e 00 02 70 61 79 6d 65 6e 74 4d 65
04a0   74 68 6f 64 00 0b 00 00 00 44 65 62 69 74 20 43
04b0   61 72 64 00 00 03 37 00 a6 00 00 00 07 5f 69 64
04c0   00 67 8d 78 86 9b bc 3c 39 3b cb 0d 1e 02 74 69
04d0   74 6c 65 00 0a 00 00 00 54 61 78 69 20 72 69 64
04e0   65 00 01 61 6d 6f 75 6e 74 00 48 e1 7a 14 ae fb
04f0   7c 40 02 63 75 72 72 65 6e 63 79 00 04 00 00 00
0500   55 53 44 00 02 64 61 74 65 00 1b 00 00 00 32 30
0510   32 34 2d 31 31 2d 32 39 54 31 30 3a 33 38 3a 30
0520   39 2e 32 30 33 34 32 35 00 02 63 61 74 65 67 6f
0530   72 79 00 07 00 00 00 54 72 61 76 65 6c 00 02 70
0540   61 79 6d 65 6e 74 4d 65 74 68 6f 64 00 0c 00 00
0550   00 43 72 65 64 69 74 20 43 61 72 64 00 00 03 38
0560   00 ac 00 00 00 07 5f 69 64 00 67 8d 78 86 9b bc
0570   3c 39 3b cb 0d 1f 02 74 69 74 6c 65 00 13 00 00
0580   00 44 6f 63 74 6f 72 20 61 70 70 6f 69 6e 74 6d
0590   65 6e 74 00 01 61 6d 6f 75 6e 74 00 48 e1 7a 14
05a0   ae 17 6a 40 02 63 75 72 72 65 6e 63 79 00 04 00
05b0   00 00 49 4e 52 00 02 64 61 74 65 00 1b 00 00 00
05c0   32 30 32 34 2d 30 37 2d 30 33 54 31 33 3a 31 33
05d0   3a 30 36 2e 32 30 33 34 32 35 00 02 63 61 74 65
05e0   67 6f 72 79 00 0b 00 00 00 48 65 61 6c 74 68 63
05f0   61 72 65 00 02 70 61 79 6d 65 6e 74 4d 65 74 68
0600   6f 64 00 05 00 00 00 43 61 73 68 00 00 03 39 00
0610   a5 00 00 00 07 5f 69 64 00 67 8d 78 86 9b bc 3c
0620   39 3b cb 0d 20 02 74 69 74 6c 65 00 0e 00 00 00
0630   4f 6e 6c 69 6e 65 20 63 6f 75 72 73 65 00 01 61
0640   6d 6f 75 6e 74 00 c3 f5 28 5c 8f 42 6e 40 02 63
0650   75 72 72 65 6e 63 79 00 04 00 00 00 41 55 44 00
0660   02 64 61 74 65 00 1b 00 00 00 32 30 32 34 2d 30
0670   37 2d 33 30 54 30 38 3a 32 37 3a 30 35 2e 32 30
0680   33 34 32 35 00 02 63 61 74 65 67 6f 72 79 00 0a
0690   00 00 00 45 64 75 63 61 74 69 6f 6e 00 02 70 61
06a0   79 6d 65 6e 74 4d 65 74 68 6f 64 00 04 00 00 00
06b0   55 50 49 00 00 03 31 30 00 a7 00 00 00 07 5f 69
06c0   64 00 67 8d 78 86 9b bc 3c 39 3b cb 0d 21 02 74
06d0   69 74 6c 65 00 0a 00 00 00 47 72 6f 63 65 72 69
06e0   65 73 00 01 61 6d 6f 75 6e 74 00 3d 0a d7 a3 70
06f0   71 72 40 02 63 75 72 72 65 6e 63 79 00 04 00 00
0700   00 49 4e 52 00 02 64 61 74 65 00 1b 00 00 00 32
0710   30 32 34 2d 30 37 2d 30 32 54 30 38 3a 35 39 3a
0720   32 31 2e 32 30 33 34 32 35 00 02 63 61 74 65 67
0730   6f 72 79 00 09 00 00 00 53 68 6f 70 70 69 6e 67
0740   00 02 70 61 79 6d 65 6e 74 4d 65 74 68 6f 64 00
0750   0b 00 00 00 44 65 62 69 74 20 43 61 72 64 00 00
0760   03 31 31 00 ac 00 00 00 07 5f 69 64 00 67 8d 78
0770   86 9b bc 3c 39 3b cb 0d 22 02 74 69 74 6c 65 00
0780   13 00 00 00 44 69 6e 6e 65 72 20 77 69 74 68 20
0790   66 61 6d 69 6c 79 00 01 61 6d 6f 75 6e 74 00 9a
07a0   99 99 99 99 39 68 40 02 63 75 72 72 65 6e 63 79
07b0   00 04 00 00 00 4a 50 59 00 02 64 61 74 65 00 1b
07c0   00 00 00 32 30 32 34 2d 30 38 2d 32 30 54 30 39
07d0   3a 31 38 3a 32 32 2e 32 30 33 34 32 35 00 02 63
07e0   61 74 65 67 6f 72 79 00 05 00 00 00 46 6f 6f 64
07f0   00 02 70 61 79 6d 65 6e 74 4d 65 74 68 6f 64 00
0800   0b 00 00 00 44 65 62 69 74 20 43 61 72 64 00 00
0810   03 31 32 00 ad 00 00 00 07 5f 69 64 00 67 8d 78
0820   86 9b bc 3c 39 3b cb 0d 23 02 74 69 74 6c 65 00
0830   13 00 00 00 44 69 6e 6e 65 72 20 77 69 74 68 20
0840   66 61 6d 69 6c 79 00 01 61 6d 6f 75 6e 74 00 66
0850   66 66 66 66 76 66 40 02 63 75 72 72 65 6e 63 79
0860   00 04 00 00 00 49 4e 52 00 02 64 61 74 65 00 1b
0870   00 00 00 32 30 32 34 2d 30 33 2d 32 34 54 30 31
0880   3a 32 31 3a 30 37 2e 32 30 33 34 32 35 00 02 63
0890   61 74 65 67 6f 72 79 00 05 00 00 00 46 6f 6f 64
08a0   00 02 70 61 79 6d 65 6e 74 4d 65 74 68 6f 64 00
08b0   0c 00 00 00 43 72 65 64 69 74 20 43 61 72 64 00
08c0   00 03 31 33 00 ad 00 00 00 07 5f 69 64 00 67 8d
08d0   78 86 9b bc 3c 39 3b cb 0d 24 02 74 69 74 6c 65
08e0   00 0e 00 00 00 4f 6e 6c 69 6e 65 20 63 6f 75 72
08f0   73 65 00 01 61 6d 6f 75 6e 74 00 7b 14 ae 47 e1
0900   1a 49 40 02 63 75 72 72 65 6e 63 79 00 04 00 00
0910   00 43 41 44 00 02 64 61 74 65 00 1b 00 00 00 32
0920   30 32 34 2d 30 38 2d 31 31 54 30 30 3a 31 35 3a
0930   33 37 2e 32 30 33 34 32 35 00 02 63 61 74 65 67
0940   6f 72 79 00 0a 00 00 00 45 64 75 63 61 74 69 6f
0950   6e 00 02 70 61 79 6d 65 6e 74 4d 65 74 68 6f 64
0960   00 0c 00 00 00 4e 65 74 20 42 61 6e 6b 69 6e 67
0970   00 00 03 31 34 00 a6 00 00 00 07 5f 69 64 00 67
0980   8d 78 86 9b bc 3c 39 3b cb 0d 26 02 74 69 74 6c
0990   65 00 0a 00 00 00 54 61 78 69 20 72 69 64 65 00
09a0   01 61 6d 6f 75 6e 74 00 d7 a3 70 3d 0a 5f 73 40
09b0   02 63 75 72 72 65 6e 63 79 00 04 00 00 00 45 55
09c0   52 00 02 64 61 74 65 00 1b 00 00 00 32 30 32 34
09d0   2d 31 32 2d 33 31 54 30 31 3a 35 30 3a 34 38 2e
09e0   32 30 33 34 32 35 00 02 63 61 74 65 67 6f 72 79
09f0   00 07 00 00 00 54 72 61 76 65 6c 00 02 70 61 79
0a00   6d 65 6e 74 4d 65 74 68 6f 64 00 0c 00 00 00 4e
0a10   65 74 20 42 61 6e 6b 69 6e 67 00 00 03 31 35 00
0a20   a2 00 00 00 07 5f 69 64 00 67 8d 78 86 9b bc 3c
0a30   39 3b cb 0d 27 02 74 69 74 6c 65 00 0e 00 00 00
0a40   46 6c 69 67 68 74 20 74 69 63 6b 65 74 00 01 61
0a50   6d 6f 75 6e 74 00 7b 14 ae 47 e1 26 74 40 02 63
0a60   75 72 72 65 6e 63 79 00 04 00 00 00 47 42 50 00
0a70   02 64 61 74 65 00 1b 00 00 00 32 30 32 34 2d 31
0a80   30 2d 31 36 54 31 33 3a 31 30 3a 30 31 2e 32 30
0a90   33 34 32 35 00 02 63 61 74 65 67 6f 72 79 00 07
0aa0   00 00 00 54 72 61 76 65 6c 00 02 70 61 79 6d 65
0ab0   6e 74 4d 65 74 68 6f 64 00 04 00 00 00 55 50 49
0ac0   00 00 03 31 36 00 a6 00 00 00 07 5f 69 64 00 67
0ad0   8d 78 86 9b bc 3c 39 3b cb 0d 28 02 74 69 74 6c
0ae0   65 00 0a 00 00 00 54 61 78 69 20 72 69 64 65 00
0af0   01 61 6d 6f 75 6e 74 00 29 5c 8f c2 f5 18 66 40
0b00   02 63 75 72 72 65 6e 63 79 00 04 00 00 00 43 41
0b10   44 00 02 64 61 74 65 00 1b 00 00 00 32 30 32 34
0b20   2d 30 35 2d 31 32 54 31 30 3a 35 30 3a 33 38 2e
0b30   32 30 33 34 32 35 00 02 63 61 74 65 67 6f 72 79
0b40   00 07 00 00 00 54 72 61 76 65 6c 00 02 70 61 79
0b50   6d 65 6e 74 4d 65 74 68 6f 64 00 0c 00 00 00 43
0b60   72 65 64 69 74 20 43 61 72 64 00 00 03 31 37 00
0b70   a5 00 00 00 07 5f 69 64 00 67 8d 78 86 9b bc 3c
0b80   39 3b cb 0d 29 02 74 69 74 6c 65 00 0a 00 00 00
0b90   54 61 78 69 20 72 69 64 65 00 01 61 6d 6f 75 6e
0ba0   74 00 00 00 00 00 00 18 7e 40 02 63 75 72 72 65
0bb0   6e 63 79 00 04 00 00 00 43 41 44 00 02 64 61 74
0bc0   65 00 1b 00 00 00 32 30 32 34 2d 30 36 2d 31 30
0bd0   54 32 32 3a 34 37 3a 32 38 2e 32 30 33 34 32 35
0be0   00 02 63 61 74 65 67 6f 72 79 00 07 00 00 00 54
0bf0   72 61 76 65 6c 00 02 70 61 79 6d 65 6e 74 4d 65
0c00   74 68 6f 64 00 0b 00 00 00 44 65 62 69 74 20 43
0c10   61 72 64 00 00 03 31 38 00 a4 00 00 00 07 5f 69
0c20   64 00 67 8d 78 86 9b bc 3c 39 3b cb 0d 2a 02 74
0c30   69 74 6c 65 00 06 00 00 00 42 6f 6f 6b 73 00 01
0c40   61 6d 6f 75 6e 74 00 1f 85 eb 51 b8 6e 71 40 02
0c50   63 75 72 72 65 6e 63 79 00 04 00 00 00 45 55 52
0c60   00 02 64 61 74 65 00 1b 00 00 00 32 30 32 34 2d
0c70   30 39 2d 30 37 54 32 31 3a 32 38 3a 34 37 2e 32
0c80   30 33 34 32 35 00 02 63 61 74 65 67 6f 72 79 00
0c90   0a 00 00 00 45 64 75 63 61 74 69 6f 6e 00 02 70
0ca0   61 79 6d 65 6e 74 4d 65 74 68 6f 64 00 0b 00 00
0cb0   00 44 65 62 69 74 20 43 61 72 64 00 00 03 31 39
0cc0   00 a6 00 00 00 07 5f 69 64 00 67 8d 78 86 9b bc
0cd0   3c 39 3b cb 0d 2b 02 74 69 74 6c 65 00 0e 00 00
0ce0   00 4f 6e 6c 69 6e 65 20 63 6f 75 72 73 65 00 01
0cf0   61 6d 6f 75 6e 74 00 48 e1 7a 14 ae a7 44 40 02
0d00   63 75 72 72 65 6e 63 79 00 04 00 00 00 47 42 50
0d10   00 02 64 61 74 65 00 1b 00 00 00 32 30 32 34 2d
0d20   30 35 2d 32 31 54 31 39 3a 35 31 3a 33 33 2e 32
0d30   30 33 34 32 35 00 02 63 61 74 65 67 6f 72 79 00
0d40   0a 00 00 00 45 64 75 63 61 74 69 6f 6e 00 02 70
0d50   61 79 6d 65 6e 74 4d 65 74 68 6f 64 00 05 00 00
0d60   00 43 61 73 68 00 00 03 32 30 00 a6 00 00 00 07
0d70   5f 69 64 00 67 8d 78 86 9b bc 3c 39 3b cb 0d 2c
0d80   02 74 69 74 6c 65 00 0a 00 00 00 54 61 78 69 20
0d90   72 69 64 65 00 01 61 6d 6f 75 6e 74 00 29 5c 8f
0da0   c2 f5 e8 7e 40 02 63 75 72 72 65 6e 63 79 00 04
0db0   00 00 00 47 42 50 00 02 64 61 74 65 00 1b 00 00
0dc0   00 32 30 32 34 2d 30 38 2d 30 35 54 31 34 3a 34
0dd0   39 3a 33 31 2e 32 30 33 34 32 35 00 02 63 61 74
0de0   65 67 6f 72 79 00 07 00 00 00 54 72 61 76 65 6c
0df0   00 02 70 61 79 6d 65 6e 74 4d 65 74 68 6f 64 00
0e00   0c 00 00 00 43 72 65 64 69 74 20 43 61 72 64 00
0e10   00 03 32 31 00 ad 00 00 00 07 5f 69 64 00 67 8d
0e20   78 86 9b bc 3c 39 3b cb 0d 2d 02 74 69 74 6c 65
0e30   00 13 00 00 00 44 69 6e 6e 65 72 20 77 69 74 68
0e40   20 66 61 6d 69 6c 79 00 01 61 6d 6f 75 6e 74 00
0e50   7b 14 ae 47 e1 fa 28 40 02 63 75 72 72 65 6e 63
0e60   79 00 04 00 00 00 55 53 44 00 02 64 61 74 65 00
0e70   1b 00 00 00 32 30 32 34 2d 30 32 2d 30 33 54 31
0e80   33 3a 30 34 3a 33 36 2e 32 30 33 34 32 35 00 02
0e90   63 61 74 65 67 6f 72 79 00 05 00 00 00 46 6f 6f
0ea0   64 00 02 70 61 79 6d 65 6e 74 4d 65 74 68 6f 64
0eb0   00 0c 00 00 00 43 72 65 64 69 74 20 43 61 72 64
0ec0   00 00 03 32 32 00 9f 00 00 00 07 5f 69 64 00 67
0ed0   8d 78 86 9b bc 3c 39 3b cb 0d 2e 02 74 69 74 6c
0ee0   65 00 0a 00 00 00 54 61 78 69 20 72 69 64 65 00
0ef0   01 61 6d 6f 75 6e 74 00 8f c2 f5 28 5c 2b 76 40
0f00   02 63 75 72 72 65 6e 63 79 00 04 00 00 00 49 4e
0f10   52 00 02 64 61 74 65 00 1b 00 00 00 32 30 32 35
0f20   2d 30 31 2d 30 34 54 31 32 3a 31 32 3a 35 39 2e
0f30   32 30 33 34 32 35 00 02 63 61 74 65 67 6f 72 79
0f40   00 07 00 00 00 54 72 61 76 65 6c 00 02 70 61 79
0f50   6d 65 6e 74 4d 65 74 68 6f 64 00 05 00 00 00 43
0f60   61 73 68 00 00 03 32 33 00 a9 00 00 00 07 5f 69
0f70   64 00 67 8d 78 86 9b bc 3c 39 3b cb 0d 2f 02 74
0f80   69 74 6c 65 00 0e 00 00 00 46 6c 69 67 68 74 20
0f90   74 69 63 6b 65 74 00 01 61 6d 6f 75 6e 74 00 b8
0fa0   1e 85 eb 51 ac 74 40 02 63 75 72 72 65 6e 63 79
0fb0   00 04 00 00 00 45 55 52 00 02 64 61 74 65 00 1b
0fc0   00 00 00 32 30 32 34 2d 31 30 2d 32 39 54 31 36
0fd0   3a 34 35 3a 31 33 2e 32 30 33 34 32 35 00 02 63
0fe0   61 74 65 67 6f 72 79 00 07 00 00 00 54 72 61 76
0ff0   65 6c 00 02 70 61 79 6d 65 6e 74 4d 65 74 68 6f
1000   64 00 0b 00 00 00 44 65 62 69 74 20 43 61 72 64
1010   00 00 03 32 34 00 a5 00 00 00 07 5f 69 64 00 67
1020   8d 78 86 9b bc 3c 39 3b cb 0d 30 02 74 69 74 6c
1030   65 00 13 00 00 00 44 69 6e 6e 65 72 20 77 69 74
1040   68 20 66 61 6d 69 6c 79 00 01 61 6d 6f 75 6e 74
1050   00 ec 51 b8 1e 85 eb 7b 40 02 63 75 72 72 65 6e
1060   63 79 00 04 00 00 00 4a 50 59 00 02 64 61 74 65
1070   00 1b 00 00 00 32 30 32 34 2d 31 30 2d 30 31 54
1080   31 31 3a 32 31 3a 35 39 2e 32 30 33 34 32 35 00
1090   02 63 61 74 65 67 6f 72 79 00 05 00 00 00 46 6f
10a0   6f 64 00 02 70 61 79 6d 65 6e 74 4d 65 74 68 6f
10b0   64 00 04 00 00 00 55 50 49 00 00 03 32 35 00 a6
10c0   00 00 00 07 5f 69 64 00 67 8d 78 86 9b bc 3c 39
10d0   3b cb 0d 31 02 74 69 74 6c 65 00 0e 00 00 00 4f
10e0   6e 6c 69 6e 65 20 63 6f 75 72 73 65 00 01 61 6d
10f0   6f 75 6e 74 00 ec 51 b8 1e 85 7b 62 40 02 63 75
1100   72 72 65 6e 63 79 00 04 00 00 00 43 41 44 00 02
1110   64 61 74 65 00 1b 00 00 00 32 30 32 34 2d 30 36
1120   2d 31 38 54 31 35 3a 35 38 3a 35 31 2e 32 30 33
1130   34 32 35 00 02 63 61 74 65 67 6f 72 79 00 0a 00
1140   00 00 45 64 75 63 61 74 69 6f 6e 00 02 70 61 79
1150   6d 65 6e 74 4d 65 74 68 6f 64 00 05 00 00 00 43
1160   61 73 68 00 00 03 32 36 00 a5 00 00 00 07 5f 69
1170   64 00 67 8d 78 86 9b bc 3c 39 3b cb 0d 32 02 74
1180   69 74 6c 65 00 0a 00 00 00 54 61 78 69 20 72 69
1190   64 65 00 01 61 6d 6f 75 6e 74 00 33 33 33 33 33
11a0   f3 38 40 02 63 75 72 72 65 6e 63 79 00 04 00 00
11b0   00 49 4e 52 00 02 64 61 74 65 00 1b 00 00 00 32
11c0   30 32 34 2d 30 38 2d 30 36 54 30 33 3a 33 30 3a
11d0   33 36 2e 32 30 33 34 32 35 00 02 63 61 74 65 67
11e0   6f 72 79 00 07 00 00 00 54 72 61 76 65 6c 00 02
11f0   70 61 79 6d 65 6e 74 4d 65 74 68 6f 64 00 0b 00
1200   00 00 44 65 62 69 74 20 43 61 72 64 00 00 03 32
1210   37 00 a8 00 00 00 07 5f 69 64 00 67 8d 78 86 9b
1220   bc 3c 39 3b cb 0d 33 02 74 69 74 6c 65 00 0f 00
1230   00 00 47 79 6d 20 6d 65 6d 62 65 72 73 68 69 70
1240   00 01 61 6d 6f 75 6e 74 00 14 ae 47 e1 7a 18 71
1250   40 02 63 75 72 72 65 6e 63 79 00 04 00 00 00 45
1260   55 52 00 02 64 61 74 65 00 1b 00 00 00 32 30 32
1270   34 2d 31 31 2d 31 35 54 32 30 3a 31 30 3a 30 37
1280   2e 32 30 33 34 32 35 00 02 63 61 74 65 67 6f 72
1290   79 00 0b 00 00 00 48 65 61 6c 74 68 63 61 72 65
12a0   00 02 70 61 79 6d 65 6e 74 4d 65 74 68 6f 64 00
12b0   05 00 00 00 43 61 73 68 00 00 03 32 38 00 a7 00
12c0   00 00 07 5f 69 64 00 67 8d 78 86 9b bc 3c 39 3b
12d0   cb 0d 34 02 74 69 74 6c 65 00 0a 00 00 00 47 72
12e0   6f 63 65 72 69 65 73 00 01 61 6d 6f 75 6e 74 00
12f0   00 00 00 00 00 78 64 40 02 63 75 72 72 65 6e 63
1300   79 00 04 00 00 00 47 42 50 00 02 64 61 74 65 00
1310   1b 00 00 00 32 30 32 34 2d 31 30 2d 31 39 54 30
1320   37 3a 32 33 3a 34 35 2e 32 30 33 34 32 35 00 02
1330   63 61 74 65 67 6f 72 79 00 09 00 00 00 53 68 6f
1340   70 70 69 6e 67 00 02 70 61 79 6d 65 6e 74 4d 65
1350   74 68 6f 64 00 0b 00 00 00 44 65 62 69 74 20 43
1360   61 72 64 00 00 03 32 39 00 a7 00 00 00 07 5f 69
1370   64 00 67 8d 78 86 9b bc 3c 39 3b cb 0d 35 02 74
1380   69 74 6c 65 00 0f 00 00 00 47 79 6d 20 6d 65 6d
1390   62 65 72 73 68 69 70 00 01 61 6d 6f 75 6e 74 00
13a0   00 00 00 00 00 98 76 40 02 63 75 72 72 65 6e 63
13b0   79 00 04 00 00 00 45 55 52 00 02 64 61 74 65 00
13c0   1b 00 00 00 32 30 32 34 2d 30 35 2d 31 30 54 30
13d0   33 3a 34 38 3a 34 36 2e 32 30 33 34 32 35 00 02
13e0   63 61 74 65 67 6f 72 79 00 0b 00 00 00 48 65 61
13f0   6c 74 68 63 61 72 65 00 02 70 61 79 6d 65 6e 74
1400   4d 65 74 68 6f 64 00 04 00 00 00 55 50 49 00 00
1410   03 33 30 00 a6 00 00 00 07 5f 69 64 00 67 8d 78
1420   86 9b bc 3c 39 3b cb 0d 36 02 74 69 74 6c 65 00
1430   13 00 00 00 44 69 6e 6e 65 72 20 77 69 74 68 20
1440   66 61 6d 69 6c 79 00 01 61 6d 6f 75 6e 74 00 85
1450   eb 51 b8 1e 99 70 40 02 63 75 72 72 65 6e 63 79
1460   00 04 00 00 00 55 53 44 00 02 64 61 74 65 00 1b
1470   00 00 00 32 30 32 34 2d 30 31 2d 32 39 54 32 33
1480   3a 33 30 3a 30 30 2e 32 30 33 34 32 35 00 02 63
1490   61 74 65 67 6f 72 79 00 05 00 00 00 46 6f 6f 64
14a0   00 02 70 61 79 6d 65 6e 74 4d 65 74 68 6f 64 00
14b0   05 00 00 00 43 61 73 68 00 00 03 33 31 00 a1 00
14c0   00 00 07 5f 69 64 00 67 8d 78 86 9b bc 3c 39 3b
14d0   cb 0d 37 02 74 69 74 6c 65 00 0a 00 00 00 47 72
14e0   6f 63 65 72 69 65 73 00 01 61 6d 6f 75 6e 74 00
14f0   71 3d 0a d7 a3 e0 59 40 02 63 75 72 72 65 6e 63
1500   79 00 04 00 00 00 49 4e 52 00 02 64 61 74 65 00
1510   1b 00 00 00 32 30 32 34 2d 31 30 2d 30 38 54 31
1520   32 3a 33 37 3a 32 35 2e 32 30 33 34 32 35 00 02
1530   63 61 74 65 67 6f 72 79 00 09 00 00 00 53 68 6f
1540   70 70 69 6e 67 00 02 70 61 79 6d 65 6e 74 4d 65
1550   74 68 6f 64 00 05 00 00 00 43 61 73 68 00 00 03
1560   33 32 00 ad 00 00 00 07 5f 69 64 00 67 8d 78 86
1570   9b bc 3c 39 3b cb 0d 38 02 74 69 74 6c 65 00 13
1580   00 00 00 44 69 6e 6e 65 72 20 77 69 74 68 20 66
1590   61 6d 69 6c 79 00 01 61 6d 6f 75 6e 74 00 9a 99
15a0   99 99 99 d9 6d 40 02 63 75 72 72 65 6e 63 79 00
15b0   04 00 00 00 43 41 44 00 02 64 61 74 65 00 1b 00
15c0   00 00 32 30 32 34 2d 31 32 2d 31 32 54 31 30 3a
15d0   34 30 3a 31 32 2e 32 30 33 34 32 35 00 02 63 61
15e0   74 65 67 6f 72 79 00 05 00 00 00 46 6f 6f 64 00
15f0   02 70 61 79 6d 65 6e 74 4d 65 74 68 6f 64 00 0c
1600   00 00 00 43 72 65 64 69 74 20 43 61 72 64 00 00
1610   03 33 33 00 ac 00 00 00 07 5f 69 64 00 67 8d 78
1620   86 9b bc 3c 39 3b cb 0d 39 02 74 69 74 6c 65 00
1630   12 00 00 00 4c 75 6e 63 68 20 77 69 74 68 20 63
1640   6c 69 65 6e 74 00 01 61 6d 6f 75 6e 74 00 c3 f5
1650   28 5c 8f 66 7d 40 02 63 75 72 72 65 6e 63 79 00
1660   04 00 00 00 55 53 44 00 02 64 61 74 65 00 1b 00
1670   00 00 32 30 32 35 2d 30 31 2d 30 31 54 32 33 3a
1680   34 32 3a 31 33 2e 32 30 33 34 32 35 00 02 63 61
1690   74 65 67 6f 72 79 00 05 00 00 00 46 6f 6f 64 00
16a0   02 70 61 79 6d 65 6e 74 4d 65 74 68 6f 64 00 0c
16b0   00 00 00 43 72 65 64 69 74 20 43 61 72 64 00 00
16c0   03 33 34 00 a0 00 00 00 07 5f 69 64 00 67 8d 78
16d0   86 9b bc 3c 39 3b cb 0d 3a 02 74 69 74 6c 65 00
16e0   0a 00 00 00 47 72 6f 63 65 72 69 65 73 00 01 61
16f0   6d 6f 75 6e 74 00 cd cc cc cc cc 54 68 40 02 63
1700   75 72 72 65 6e 63 79 00 04 00 00 00 4a 50 59 00
1710   02 64 61 74 65 00 1b 00 00 00 32 30 32 34 2d 30
1720   39 2d 31 37 54 31 30 3a 32 39 3a 35 32 2e 32 30
1730   33 34 32 35 00 02 63 61 74 65 67 6f 72 79 00 09
1740   00 00 00 53 68 6f 70 70 69 6e 67 00 02 70 61 79
1750   6d 65 6e 74 4d 65 74 68 6f 64 00 04 00 00 00 55
1760   50 49 00 00 03 33 35 00 a7 00 00 00 07 5f 69 64
1770   00 67 8d 78 86 9b bc 3c 39 3b cb 0d 3b 02 74 69
1780   74 6c 65 00 0a 00 00 00 47 72 6f 63 65 72 69 65
1790   73 00 01 61 6d 6f 75 6e 74 00 9a 99 99 99 99 29
17a0   55 40 02 63 75 72 72 65 6e 63 79 00 04 00 00 00
17b0   4a 50 59 00 02 64 61 74 65 00 1b 00 00 00 32 30
17c0   32 34 2d 31 32 2d 30 35 54 30 34 3a 33 35 3a 31
17d0   31 2e 32 30 33 34 32 35 00 02 63 61 74 65 67 6f
17e0   72 79 00 09 00 00 00 53 68 6f 70 70 69 6e 67 00
17f0   02 70 61 79 6d 65 6e 74 4d 65 74 68 6f 64 00 0b
1800   00 00 00 44 65 62 69 74 20 43 61 72 64 00 00 03
1810   33 36 00 a5 00 00 00 07 5f 69 64 00 67 8d 78 86
1820   9b bc 3c 39 3b cb 0d 3c 02 74 69 74 6c 65 00 06
1830   00 00 00 42 6f 6f 6b 73 00 01 61 6d 6f 75 6e 74
1840   00 8f c2 f5 28 5c 77 73 40 02 63 75 72 72 65 6e
1850   63 79 00 04 00 00 00 43 41 44 00 02 64 61 74 65
1860   00 1b 00 00 00 32 30 32 34 2d 31 30 2d 33 31 54
1870   31 32 3a 32 36 3a 30 33 2e 32 30 33 34 32 35 00
1880   02 63 61 74 65 67 6f 72 79 00 0a 00 00 00 45 64
1890   75 63 61 74 69 6f 6e 00 02 70 61 79 6d 65 6e 74
18a0   4d 65 74 68 6f 64 00 0c 00 00 00 43 72 65 64 69
18b0   74 20 43 61 72 64 00 00 03 33 37 00 ad 00 00 00
18c0   07 5f 69 64 00 67 8d 78 86 9b bc 3c 39 3b cb 0d
18d0   3d 02 74 69 74 6c 65 00 0e 00 00 00 4f 6e 6c 69
18e0   6e 65 20 63 6f 75 72 73 65 00 01 61 6d 6f 75 6e
18f0   74 00 48 e1 7a 14 ae 5f 7e 40 02 63 75 72 72 65
1900   6e 63 79 00 04 00 00 00 43 41 44 00 02 64 61 74
1910   65 00 1b 00 00 00 32 30 32 34 2d 30 32 2d 30 31
1920   54 31 30 3a 33 32 3a 35 32 2e 32 30 33 34 32 35
1930   00 02 63 61 74 65 67 6f 72 79 00 0a 00 00 00 45
1940   64 75 63 61 74 69 6f 6e 00 02 70 61 79 6d 65 6e
1950   74 4d 65 74 68 6f 64 00 0c 00 00 00 4e 65 74 20
1960   42 61 6e 6b 69 6e 67 00 00 03 33 38 00 a5 00 00
1970   00 07 5f 69 64 00 67 8d 78 86 9b bc 3c 39 3b cb
1980   0d 3f 02 74 69 74 6c 65 00 0a 00 00 00 54 61 78
1990   69 20 72 69 64 65 00 01 61 6d 6f 75 6e 74 00 e1
19a0   7a 14 ae 47 31 6e 40 02 63 75 72 72 65 6e 63 79
19b0   00 04 00 00 00 45 55 52 00 02 64 61 74 65 00 1b
19c0   00 00 00 32 30 32 34 2d 30 36 2d 30 38 54 31 36
19d0   3a 31 32 3a 30 33 2e 32 30 33 34 32 35 00 02 63
19e0   61 74 65 67 6f 72 79 00 07 00 00 00 54 72 61 76
19f0   65 6c 00 02 70 61 79 6d 65 6e 74 4d 65 74 68 6f
1a00   64 00 0b 00 00 00 44 65 62 69 74 20 43 61 72 64
1a10   00 00 03 33 39 00 a4 00 00 00 07 5f 69 64 00 67
1a20   8d 78 86 9b bc 3c 39 3b cb 0d 40 02 74 69 74 6c
1a30   65 00 12 00 00 00 4c 75 6e 63 68 20 77 69 74 68
1a40   20 63 6c 69 65 6e 74 00 01 61 6d 6f 75 6e 74 00
1a50   5c 8f c2 f5 28 20 79 40 02 63 75 72 72 65 6e 63
1a60   79 00 04 00 00 00 41 55 44 00 02 64 61 74 65 00
1a70   1b 00 00 00 32 30 32 34 2d 30 35 2d 31 37 54 32
1a80   33 3a 30 31 3a 30 38 2e 32 30 33 34 32 35 00 02
1a90   63 61 74 65 67 6f 72 79 00 05 00 00 00 46 6f 6f
1aa0   64 00 02 70 61 79 6d 65 6e 74 4d 65 74 68 6f 64
1ab0   00 04 00 00 00 55 50 49 00 00 03 34 30 00 a5 00
1ac0   00 00 07 5f 69 64 00 67 8d 78 86 9b bc 3c 39 3b
1ad0   cb 0d 42 02 74 69 74 6c 65 00 0e 00 00 00 4f 6e
1ae0   6c 69 6e 65 20 63 6f 75 72 73 65 00 01 61 6d 6f
1af0   75 6e 74 00 66 66 66 66 66 4a 76 40 02 63 75 72
1b00   72 65 6e 63 79 00 04 00 00 00 43 41 44 00 02 64
1b10   61 74 65 00 1b 00 00 00 32 30 32 34 2d 30 32 2d
1b20   30 35 54 31 38 3a 34 33 3a 35 36 2e 32 30 33 34
1b30   32 35 00 02 63 61 74 65 67 6f 72 79 00 0a 00 00
1b40   00 45 64 75 63 61 74 69 6f 6e 00 02 70 61 79 6d
1b50   65 6e 74 4d 65 74 68 6f 64 00 04 00 00 00 55 50
1b60   49 00 00 03 34 31 00 9e 00 00 00 07 5f 69 64 00
1b70   67 8d 78 86 9b bc 3c 39 3b cb 0d 44 02 74 69 74
1b80   6c 65 00 0a 00 00 00 54 61 78 69 20 72 69 64 65
1b90   00 01 61 6d 6f 75 6e 74 00 8f c2 f5 28 5c bf 72
1ba0   40 02 63 75 72 72 65 6e 63 79 00 04 00 00 00 4a
1bb0   50 59 00 02 64 61 74 65 00 1b 00 00 00 32 30 32
1bc0   34 2d 30 39 2d 32 38 54 31 37 3a 30 39 3a 34 35
1bd0   2e 32 30 33 34 32 35 00 02 63 61 74 65 67 6f 72
1be0   79 00 07 00 00 00 54 72 61 76 65 6c 00 02 70 61
1bf0   79 6d 65 6e 74 4d 65 74 68 6f 64 00 04 00 00 00
1c00   55 50 49 00 00 03 34 32 00 af 00 00 00 07 5f 69
1c10   64 00 67 8d 78 86 9b bc 3c 39 3b cb 0d 45 02 74
1c20   69 74 6c 65 00 0f 00 00 00 47 79 6d 20 6d 65 6d
1c30   62 65 72 73 68 69 70 00 01 61 6d 6f 75 6e 74 00
1c40   b8 1e 85 eb 51 2c 72 40 02 63 75 72 72 65 6e 63
1c50   79 00 04 00 00 00 4a 50 59 00 02 64 61 74 65 00
1c60   1b 00 00 00 32 30 32 35 2d 30 31 2d 30 33 54 32
1c70   31 3a 34 35 3a 34 34 2e 32 30 33 34 32 35 00 02
1c80   63 61 74 65 67 6f 72 79 00 0b 00 00 00 48 65 61
1c90   6c 74 68 63 61 72 65 00 02 70 61 79 6d 65 6e 74
1ca0   4d 65 74 68 6f 64 00 0c 00 00 00 43 72 65 64 69
1cb0   74 20 43 61 72 64 00 00
