0000   03 30 00 2f 00 00 00 02 74 69 74 6c 65 00 0f 00
0010   00 00 47 79 6d 20 6d 65 6d 62 65 72 73 68 69 70
0020   00 01 61 6d 6f 75 6e 74 00 8f c2 f5 28 5c f7 66
0030   40 00 03 31 00 2a 00 00 00 02 74 69 74 6c 65 00
0040   0a 00 00 00 47 72 6f 63 65 72 69 65 73 00 01 61
0050   6d 6f 75 6e 74 00 85 eb 51 b8 1e 9d 72 40 00 03
0060   32 00 2a 00 00 00 02 74 69 74 6c 65 00 0a 00 00
0070   00 54 61 78 69 20 72 69 64 65 00 01 61 6d 6f 75
0080   6e 74 00 c3 f5 28 5c 8f 02 6b 40 00 03 33 00 2c
0090   00 00 00 02 74 69 74 6c 65 00 0c 00 00 00 4d 6f
00a0   76 69 65 20 6e 69 67 68 74 00 01 61 6d 6f 75 6e
00b0   74 00 d7 a3 70 3d 0a af 73 40 00 03 34 00 33 00
00c0   00 00 02 74 69 74 6c 65 00 13 00 00 00 44 6f 63
00d0   74 6f 72 20 61 70 70 6f 69 6e 74 6d 65 6e 74 00
00e0   01 61 6d 6f 75 6e 74 00 85 eb 51 b8 1e 9d 64 40
00f0   00 03 35 00 26 00 00 00 02 74 69 74 6c 65 00 06
0100   00 00 00 42 6f 6f 6b 73 00 01 61 6d 6f 75 6e 74
0110   00 33 33 33 33 33 7f 7a 40 00 03 36 00 2e 00 00
0120   00 02 74 69 74 6c 65 00 0e 00 00 00 4f 6e 6c 69
0130   6e 65 20 63 6f 75 72 73 65 00 01 61 6d 6f 75 6e
0140   74 00 9a 99 99 99 99 8d 7a 40 00 03 37 00 2a 00
0150   00 00 02 74 69 74 6c 65 00 0a 00 00 00 54 61 78
0160   69 20 72 69 64 65 00 01 61 6d 6f 75 6e 74 00 48
0170   e1 7a 14 ae fb 7c 40 00 03 38 00 33 00 00 00 02
0180   74 69 74 6c 65 00 13 00 00 00 44 6f 63 74 6f 72
0190   20 61 70 70 6f 69 6e 74 6d 65 6e 74 00 01 61 6d
01a0   6f 75 6e 74 00 48 e1 7a 14 ae 17 6a 40 00 03 39
01b0   00 2e 00 00 00 02 74 69 74 6c 65 00 0e 00 00 00
01c0   4f 6e 6c 69 6e 65 20 63 6f 75 72 73 65 00 01 61
01d0   6d 6f 75 6e 74 00 c3 f5 28 5c 8f 42 6e 40 00 03
01e0   31 30 00 2a 00 00 00 02 74 69 74 6c 65 00 0a 00
01f0   00 00 47 72 6f 63 65 72 69 65 73 00 01 61 6d 6f
0200   75 6e 74 00 3d 0a d7 a3 70 71 72 40 00 03 31 31
0210   00 33 00 00 00 02 74 69 74 6c 65 00 13 00 00 00
0220   44 69 6e 6e 65 72 20 77 69 74 68 20 66 61 6d 69
0230   6c 79 00 01 61 6d 6f 75 6e 74 00 9a 99 99 99 99
0240   39 68 40 00 03 31 32 00 33 00 00 00 02 74 69 74
0250   6c 65 00 13 00 00 00 44 69 6e 6e 65 72 20 77 69
0260   74 68 20 66 61 6d 69 6c 79 00 01 61 6d 6f 75 6e
0270   74 00 66 66 66 66 66 76 66 40 00 03 31 33 00 2e
0280   00 00 00 02 74 69 74 6c 65 00 0e 00 00 00 4f 6e
0290   6c 69 6e 65 20 63 6f 75 72 73 65 00 01 61 6d 6f
02a0   75 6e 74 00 7b 14 ae 47 e1 1a 49 40 00 03 31 34
02b0   00 2a 00 00 00 02 74 69 74 6c 65 00 0a 00 00 00
02c0   54 61 78 69 20 72 69 64 65 00 01 61 6d 6f 75 6e
02d0   74 00 d7 a3 70 3d 0a 5f 73 40 00 03 31 35 00 2e
02e0   00 00 00 02 74 69 74 6c 65 00 0e 00 00 00 46 6c
02f0   69 67 68 74 20 74 69 63 6b 65 74 00 01 61 6d 6f
0300   75 6e 74 00 7b 14 ae 47 e1 26 74 40 00 03 31 36
0310   00 2a 00 00 00 02 74 69 74 6c 65 00 0a 00 00 00
0320   54 61 78 69 20 72 69 64 65 00 01 61 6d 6f 75 6e
0330   74 00 29 5c 8f c2 f5 18 66 40 00 03 31 37 00 2a
0340   00 00 00 02 74 69 74 6c 65 00 0a 00 00 00 54 61
0350   78 69 20 72 69 64 65 00 01 61 6d 6f 75 6e 74 00
0360   00 00 00 00 00 18 7e 40 00 03 31 38 00 26 00 00
0370   00 02 74 69 74 6c 65 00 06 00 00 00 42 6f 6f 6b
0380   73 00 01 61 6d 6f 75 6e 74 00 1f 85 eb 51 b8 6e
0390   71 40 00 03 31 39 00 2e 00 00 00 02 74 69 74 6c
03a0   65 00 0e 00 00 00 4f 6e 6c 69 6e 65 20 63 6f 75
03b0   72 73 65 00 01 61 6d 6f 75 6e 74 00 48 e1 7a 14
03c0   ae a7 44 40 00 03 32 30 00 2a 00 00 00 02 74 69
03d0   74 6c 65 00 0a 00 00 00 54 61 78 69 20 72 69 64
03e0   65 00 01 61 6d 6f 75 6e 74 00 29 5c 8f c2 f5 e8
03f0   7e 40 00 03 32 31 00 33 00 00 00 02 74 69 74 6c
0400   65 00 13 00 00 00 44 69 6e 6e 65 72 20 77 69 74
0410   68 20 66 61 6d 69 6c 79 00 01 61 6d 6f 75 6e 74
0420   00 7b 14 ae 47 e1 fa 28 40 00 03 32 32 00 2a 00
0430   00 00 02 74 69 74 6c 65 00 0a 00 00 00 54 61 78
0440   69 20 72 69 64 65 00 01 61 6d 6f 75 6e 74 00 8f
0450   c2 f5 28 5c 2b 76 40 00 03 32 33 00 2e 00 00 00
0460   02 74 69 74 6c 65 00 0e 00 00 00 46 6c 69 67 68
0470   74 20 74 69 63 6b 65 74 00 01 61 6d 6f 75 6e 74
0480   00 b8 1e 85 eb 51 ac 74 40 00 03 32 34 00 33 00
0490   00 00 02 74 69 74 6c 65 00 13 00 00 00 44 69 6e
04a0   6e 65 72 20 77 69 74 68 20 66 61 6d 69 6c 79 00
04b0   01 61 6d 6f 75 6e 74 00 ec 51 b8 1e 85 eb 7b 40
04c0   00 03 32 35 00 2e 00 00 00 02 74 69 74 6c 65 00
04d0   0e 00 00 00 4f 6e 6c 69 6e 65 20 63 6f 75 72 73
04e0   65 00 01 61 6d 6f 75 6e 74 00 ec 51 b8 1e 85 7b
04f0   62 40 00 03 32 36 00 2a 00 00 00 02 74 69 74 6c
0500   65 00 0a 00 00 00 54 61 78 69 20 72 69 64 65 00
0510   01 61 6d 6f 75 6e 74 00 33 33 33 33 33 f3 38 40
0520   00 03 32 37 00 2f 00 00 00 02 74 69 74 6c 65 00
0530   0f 00 00 00 47 79 6d 20 6d 65 6d 62 65 72 73 68
0540   69 70 00 01 61 6d 6f 75 6e 74 00 14 ae 47 e1 7a
0550   18 71 40 00 03 32 38 00 2a 00 00 00 02 74 69 74
0560   6c 65 00 0a 00 00 00 47 72 6f 63 65 72 69 65 73
0570   00 01 61 6d 6f 75 6e 74 00 00 00 00 00 00 78 64
0580   40 00 03 32 39 00 2f 00 00 00 02 74 69 74 6c 65
0590   00 0f 00 00 00 47 79 6d 20 6d 65 6d 62 65 72 73
05a0   68 69 70 00 01 61 6d 6f 75 6e 74 00 00 00 00 00
05b0   00 98 76 40 00 03 33 30 00 33 00 00 00 02 74 69
05c0   74 6c 65 00 13 00 00 00 44 69 6e 6e 65 72 20 77
05d0   69 74 68 20 66 61 6d 69 6c 79 00 01 61 6d 6f 75
05e0   6e 74 00 85 eb 51 b8 1e 99 70 40 00 03 33 31 00
05f0   2a 00 00 00 02 74 69 74 6c 65 00 0a 00 00 00 47
0600   72 6f 63 65 72 69 65 73 00 01 61 6d 6f 75 6e 74
0610   00 71 3d 0a d7 a3 e0 59 40 00 03 33 32 00 33 00
0620   00 00 02 74 69 74 6c 65 00 13 00 00 00 44 69 6e
0630   6e 65 72 20 77 69 74 68 20 66 61 6d 69 6c 79 00
0640   01 61 6d 6f 75 6e 74 00 9a 99 99 99 99 d9 6d 40
0650   00 03 33 33 00 32 00 00 00 02 74 69 74 6c 65 00
0660   12 00 00 00 4c 75 6e 63 68 20 77 69 74 68 20 63
0670   6c 69 65 6e 74 00 01 61 6d 6f 75 6e 74 00 c3 f5
0680   28 5c 8f 66 7d 40 00 03 33 34 00 2a 00 00 00 02
0690   74 69 74 6c 65 00 0a 00 00 00 47 72 6f 63 65 72
06a0   69 65 73 00 01 61 6d 6f 75 6e 74 00 cd cc cc cc
06b0   cc 54 68 40 00 03 33 35 00 2a 00 00 00 02 74 69
06c0   74 6c 65 00 0a 00 00 00 47 72 6f 63 65 72 69 65
06d0   73 00 01 61 6d 6f 75 6e 74 00 9a 99 99 99 99 29
06e0   55 40 00 03 33 36 00 26 00 00 00 02 74 69 74 6c
06f0   65 00 06 00 00 00 42 6f 6f 6b 73 00 01 61 6d 6f
0700   75 6e 74 00 8f c2 f5 28 5c 77 73 40 00 03 33 37
0710   00 2e 00 00 00 02 74 69 74 6c 65 00 0e 00 00 00
0720   4f 6e 6c 69 6e 65 20 63 6f 75 72 73 65 00 01 61
0730   6d 6f 75 6e 74 00 48 e1 7a 14 ae 5f 7e 40 00 03
0740   33 38 00 2a 00 00 00 02 74 69 74 6c 65 00 0a 00
0750   00 00 54 61 78 69 20 72 69 64 65 00 01 61 6d 6f
0760   75 6e 74 00 e1 7a 14 ae 47 31 6e 40 00 03 33 39
0770   00 32 00 00 00 02 74 69 74 6c 65 00 12 00 00 00
0780   4c 75 6e 63 68 20 77 69 74 68 20 63 6c 69 65 6e
0790   74 00 01 61 6d 6f 75 6e 74 00 5c 8f c2 f5 28 20
07a0   79 40 00 03 34 30 00 2e 00 00 00 02 74 69 74 6c
07b0   65 00 0e 00 00 00 4f 6e 6c 69 6e 65 20 63 6f 75
07c0   72 73 65 00 01 61 6d 6f 75 6e 74 00 66 66 66 66
07d0   66 4a 76 40 00 03 34 31 00 2a 00 00 00 02 74 69
07e0   74 6c 65 00 0a 00 00 00 54 61 78 69 20 72 69 64
07f0   65 00 01 61 6d 6f 75 6e 74 00 8f c2 f5 28 5c bf
0800   72 40 00 03 34 32 00 2f 00 00 00 02 74 69 74 6c
0810   65 00 0f 00 00 00 47 79 6d 20 6d 65 6d 62 65 72
0820   73 68 69 70 00 01 61 6d 6f 75 6e 74 00 b8 1e 85
0830   eb 51 2c 72 40 00
